#########################################################################################################################################################################################
#################### 1    2    3    4    5    6    7    8    9    10   11   12   13   14   15   16   17   18   19   20   21   22   23   24   25   26   27   28   29  ####################
#################### 30  ######################### 31  #################### 32  ######################################## 33  #################### 34  ##### 35  #########################
#################### 36  ############### 37   38   39  #################### 40  ##### 41   42   43   44   45   46   47   48  #################### 49  ##### 50   51   52   53  ##########
#################### 54  ############### 55  ############################## 56  ##### 57  ####################################################### 58  #################### 59  ##########
#################### 60  ############### 61  ############################## 62  ##### 63   64   65   66   67   68   69   70   71   72  ########## 73  #################### 74  ##########
#################### 75  ############### 76   77   78   79   80   81  ##### 82  ############################################# 83  ############### 84  #################### 85  ##########
#################### 86  ################################################################################################################################################################
#################### 87   88   89   90   91   92   93   94   95   96   97   98   99   100  101  102  103  104  105  106  107  108  109  110  111  112  113  114  115 ####################
################################################################################################################################################################ 116 ####################
################################### 117  118  119  120  121  122  123  124  125  126  127  128  129  130  131  132  133  134  135  136  137  138  139  140  141  142 ####################
#########################################################################################################################################################################################
Start node: 117
Found the goal in node 83
[117, 118, 119, 120, 121, 122, 123, 124, 125, 126, 127, 128, 129, 130, 131, 132, 133, 134, 135, 136, 137, 138, 139, 140, 141, 142, 116, 115, 114, 113, 112, 111, 110, 109, 108, 107, 106, 105, 104, 103, 102, 101, 100, 99, 98, 97, 96, 95, 94, 93, 92, 91, 90, 89, 88, 87, 86, 75, 60, 54, 36, 30, 1, 2, 3, 4, 5, 6, 7, 31, 39, 38, 37, 55, 61, 76, 77, 78, 79, 80, 81, 8, 9, 10, 11, 12, 32, 40, 56, 62, 82, 13, 14, 15, 16, 17, 18, 19, 20, 21, 33, 48, 47, 46, 45, 44, 43, 42, 41, 57, 63, 64, 65, 66, 67, 68, 69, 70, 71, 83]
